     0.901      0.952       0.95      0.842     0.0114     0.0083   0.000189    0.00882      0.207      0.937     0.0005          3        0.8     0.0975       0.05      0.496          1          1      0.965        0.2       3.87          0      0.015      0.678      0.435          0     0.0978      0.506          0          0          0        0.5          1          0
      0.89      0.952      0.959      0.838     0.0116    0.00908   0.000165    0.00951      0.184      0.937     0.0005       2.88        0.8     0.0953      0.051      0.504      0.967       1.02      0.923        0.2       3.91          0     0.0143      0.718      0.435          0     0.0978      0.506          0          0          0        0.5          1          0
     0.896      0.952      0.963      0.831     0.0113     0.0109   0.000222    0.00882      0.213      0.937    0.00051       3.08      0.844     0.0976     0.0502      0.491      0.968       1.05      0.946        0.2       3.87          0      0.015      0.679      0.435          0     0.0978      0.501          0          0          0        0.5      0.977          0
     0.899      0.952      0.964       0.83     0.0116    0.00939   0.000122    0.00858      0.216      0.973    0.00048       2.84       0.73     0.0931     0.0524      0.469       1.04       1.06       1.02        0.2       3.63          0     0.0157        0.7      0.438          0     0.0968      0.491          0          0          0        0.5          1          0
     0.891      0.942      0.962       0.83     0.0124     0.0101   0.000191    0.00726      0.197      0.935    0.00054          3      0.758     0.0946       0.05      0.516       1.15       1.06      0.965        0.2       3.53          0      0.015      0.619      0.364          0     0.0978      0.519          0          0          0        0.5      0.963          0
     0.892      0.952      0.968      0.829     0.0112      0.011   0.000204    0.00833      0.193      0.908    0.00052       2.79        0.8     0.0986     0.0506      0.492      0.888       1.01       1.02        0.2       3.78          0      0.015      0.662      0.441          0      0.105      0.501          0          0          0        0.5      0.939          0
     0.895      0.942      0.963      0.829      0.012     0.0106   0.000164    0.00885      0.204      0.937    0.00049       2.98        0.8     0.0964     0.0498      0.507          1      0.996      0.978        0.2       3.85          0      0.015      0.669      0.435          0     0.0982      0.505          0          0          0        0.5      0.986          0
     0.904      0.959      0.961      0.828     0.0147     0.0111   0.000168    0.00932      0.211      0.937    0.00044          3      0.905     0.0882     0.0585      0.493       1.02       1.04      0.896        0.2       4.56          0      0.015      0.705      0.422          0      0.101       0.51          0          0          0        0.5          1          0
     0.895      0.952      0.949      0.825      0.011      0.011   0.000143      0.008      0.207      0.961     0.0005       2.43      0.738      0.104     0.0487      0.481       1.05       1.02      0.965        0.2       3.87          0     0.0164      0.586      0.498          0      0.095      0.565          0          0          0        0.5          1          0
     0.914       0.97      0.966      0.823       0.01     0.0116   0.000142       0.01      0.218      0.937    0.00047       3.29       0.95     0.0945     0.0436      0.496       0.91       1.01      0.891        0.2       4.04          0     0.0154      0.544       0.36          0     0.0978      0.506          0          0          0        0.5      0.891          0
     0.883      0.943      0.954      0.823     0.0116    0.00993   0.000183    0.00884      0.211      0.937     0.0005       2.97      0.791     0.0985       0.05      0.499      0.991          1      0.969        0.2       3.85          0      0.015      0.673      0.435          0     0.0975       0.51          0          0          0        0.5          1          0
     0.897      0.943      0.954      0.823     0.0118     0.0102   0.000192       0.01        0.2      0.937     0.0005          3        0.8        0.1       0.05        0.5          1          1          1        0.2          4          0      0.015        0.7        0.4          0        0.1        0.5          0          0          0        0.5          1          0
     0.896      0.951      0.958      0.822     0.0108    0.00998   0.000225    0.00874       0.26      0.906     0.0005          3      0.768     0.0975     0.0473      0.575       0.98      0.989      0.762        0.2       3.87          0     0.0182      0.677      0.435          0     0.0978      0.487          0          0          0        0.5       0.91          0
     0.904      0.952       0.95      0.822     0.0108     0.0107   0.000294    0.00886      0.223      0.942    0.00053       2.68      0.727     0.0991     0.0459      0.522       1.03      0.908      0.865        0.2          4          0     0.0171      0.703      0.435          0     0.0978      0.549          0          0          0        0.5      0.956          0
     0.891      0.952      0.967       0.82     0.0109    0.00847   0.000199    0.00882      0.223      0.926    0.00051       3.29      0.798      0.107     0.0499      0.557      0.876       0.95      0.996        0.2        3.3          0     0.0135      0.678      0.435          0     0.0977      0.482          0          0          0        0.5       0.94          0
     0.896      0.935      0.953      0.821     0.0104     0.0127   0.000661      0.012      0.183      0.972    0.00047          3       0.62     0.0989       0.05      0.534       1.22      0.988      0.919        0.2       4.17          0      0.015      0.574      0.433          0      0.094      0.521          0          0          0        0.5          1          0
     0.902      0.959      0.958       0.82    0.00964     0.0103   0.000267     0.0107      0.221      0.839    0.00057        3.3       0.95     0.0929     0.0423      0.496      0.973          1      0.965        0.2       3.83          0     0.0163      0.639       0.33          0     0.0966      0.506          0          0          0        0.5          1          0
     0.911      0.952      0.965      0.819     0.0115    0.00816   0.000238    0.00783      0.197      0.896     0.0005       3.01      0.814      0.113       0.05      0.482          1      0.911      0.965        0.2       3.89          0     0.0157      0.644      0.501          0      0.105      0.523          0          0          0        0.5          1          0
     0.901      0.952      0.968      0.818     0.0117    0.00917   0.000183    0.00882      0.202      0.929    0.00052       2.99        0.8      0.089     0.0496      0.496          1       1.06      0.965        0.2       3.37          0     0.0146      0.678      0.435          0     0.0895      0.491          0          0          0        0.5          1          0
     0.903      0.951      0.958      0.819      0.012      0.012   0.000196    0.00968      0.174      0.937     0.0005          3       0.83     0.0897       0.05      0.393      0.591          1      0.894        0.2       3.85          0     0.0157       0.62      0.435          0     0.0978      0.337          0          0          0        0.5      0.898          0
     0.921      0.987      0.985      0.816     0.0115     0.0106    0.00015    0.00822      0.208      0.967    0.00049          3        0.8     0.0975     0.0501      0.495          1          1      0.965        0.2       3.87          0     0.0151      0.678      0.441          0     0.0978      0.485          0          0          0        0.5          1          0
       0.9      0.952      0.958      0.819     0.0115     0.0099   0.000204    0.00865      0.207      0.943     0.0005       3.07      0.803     0.0975       0.05      0.533          1      0.979      0.969        0.2       3.85          0     0.0142      0.671      0.427          0      0.096      0.506          0          0          0        0.5          1          0
     0.897       0.96      0.964      0.818     0.0119      0.011   0.000188       0.01      0.198       0.92    0.00053       3.07        0.8     0.0982     0.0495        0.5       1.02       1.01       1.03        0.2       3.91          0     0.0152      0.669        0.4          0     0.0994      0.513          0          0          0        0.5          1          0
     0.886      0.952      0.954      0.818     0.0116     0.0106     0.0002     0.0085      0.207      0.928    0.00048       2.89      0.772     0.0993     0.0509      0.496       0.96      0.992       0.97        0.2       3.92          0      0.015      0.678      0.436          0      0.101       0.49          0          0          0        0.5          1          0
     0.884      0.943       0.94      0.818     0.0111    0.00989   0.000187    0.00882      0.213      0.937     0.0005       3.18      0.797     0.0969     0.0485      0.499       1.09      0.994      0.965        0.2       3.87          0     0.0154      0.711      0.413          0     0.0978       0.49          0          0          0        0.5          1          0
     0.899      0.952      0.964      0.815     0.0122    0.00922   0.000258    0.00884      0.211      0.943    0.00046          3      0.798     0.0957     0.0515      0.496       1.02      0.987      0.985        0.2       3.85          0      0.015      0.678      0.411          0     0.0995      0.508          0          0          0        0.5          1          0
     0.905       0.96      0.962      0.815     0.0133    0.00933   0.000155    0.00882      0.171      0.938    0.00049          3      0.784     0.0997     0.0544      0.523          1          1      0.914        0.2       3.87          0     0.0158      0.678      0.405          0     0.0921      0.506          0          0          0        0.5      0.916          0
     0.886      0.928      0.941      0.817     0.0123     0.0119   0.000162     0.0117      0.152      0.897    0.00045       3.53      0.611     0.0704     0.0447      0.431      0.931       1.05      0.739        0.2       4.57          0    0.00973      0.678      0.364          0     0.0992      0.505          0          0          0        0.5          1          0
     0.885      0.957      0.977      0.812     0.0113    0.00996   0.000205    0.00908       0.21      0.937     0.0005        3.1      0.842      0.103     0.0473      0.471       1.04       1.01      0.985        0.2       3.67          0     0.0141      0.678       0.44          0      0.104      0.466          0          0          0        0.5          1          0
     0.869      0.943      0.968      0.812     0.0134     0.0138   0.000229    0.00882       0.24      0.907    0.00048       3.78      0.709     0.0955       0.05      0.521       1.11      0.893      0.967        0.2       4.44          0     0.0158      0.766      0.491          0      0.103       0.47          0          0          0        0.5      0.893          0
     0.896      0.948      0.963      0.812    0.00964     0.0122   0.000156    0.00882      0.235      0.937    0.00046       3.03      0.783      0.095     0.0417      0.496       1.02       1.05       1.07        0.2       3.87          0     0.0126      0.553      0.435          0      0.101      0.512          0          0          0        0.5          1          0
     0.915      0.981      0.987      0.809      0.012     0.0103   0.000638    0.00918      0.205      0.927     0.0005       3.14      0.867     0.0968     0.0518      0.496       1.06       1.01      0.935        0.2       3.67          0     0.0142      0.715      0.444          0     0.0995      0.503          0          0          0        0.5      0.972          0
     0.888      0.943      0.951      0.813    0.00814     0.0118   0.000229    0.00854      0.175      0.854    0.00052       2.55      0.756     0.0981     0.0354      0.466      0.988       1.06      0.935        0.2       3.87          0     0.0151      0.564      0.383          0     0.0978      0.506          0          0          0        0.5      0.861          0
     0.895      0.952      0.949      0.813     0.0107    0.00996   0.000224    0.00913      0.201      0.915    0.00047       3.06        0.8     0.0967     0.0442       0.47          1       1.01      0.951        0.2       3.84          0     0.0152      0.763      0.413          0     0.0978      0.556          0          0          0        0.5          1          0
     0.896      0.943      0.982      0.809     0.0122     0.0104   0.000107    0.00882      0.215      0.971     0.0005          3      0.916     0.0985     0.0513      0.501       1.05       1.04      0.965        0.2       3.39          0     0.0141      0.675      0.397          0     0.0908      0.497          0          0          0        0.5          1          0
     0.887      0.951      0.954      0.811      0.011    0.00928   0.000202     0.0089      0.204      0.932    0.00051          3        0.8     0.0975       0.05      0.494      0.976      0.995      0.983        0.2       3.84          0     0.0152      0.682      0.435          0     0.0976      0.504          0          0          0        0.5      0.998          0
     0.903       0.93      0.936      0.813     0.0121     0.0147   0.000283    0.00888      0.196      0.943    0.00048       3.32      0.797     0.0976     0.0534      0.515       1.02       1.07      0.977        0.2       4.02          0     0.0153       0.69      0.455          0     0.0978      0.463          0          0          0        0.5      0.967          0
     0.898      0.943       0.96       0.81     0.0152    0.00969   0.000252    0.00882      0.283      0.937    0.00035       3.55      0.912      0.124     0.0639      0.449          1      0.989       0.86        0.2       3.74          0      0.015      0.644      0.435          0      0.112      0.506          0          0          0        0.5          1          0
     0.912      0.934      0.951      0.811     0.0117     0.0133   0.000217    0.00867      0.217      0.937     0.0005       3.04        0.8     0.0954     0.0504      0.513          1          1      0.965        0.2       4.02          0     0.0151      0.741      0.426          0      0.102      0.494          0          0          0        0.5      0.987          0
     0.926      0.974      0.978      0.808     0.0146     0.0183   0.000554    0.00882      0.207      0.937    0.00055       2.79      0.774      0.108     0.0489      0.399      0.908       1.22       1.22        0.2       4.28          0     0.0149      0.678      0.441          0     0.0829      0.387          0          0          0        0.5          1          0
     0.898      0.952       0.95      0.811     0.0128     0.0116   0.000315    0.00917      0.216      0.952     0.0005          3       0.78     0.0893     0.0503      0.506          1      0.993       1.03        0.2       3.54          0     0.0143      0.689      0.426          0     0.0978      0.436          0          0          0        0.5          1          0
      0.89      0.943      0.958       0.81      0.012    0.00961   0.000234     0.0091      0.203      0.931     0.0005          3      0.686      0.102     0.0497      0.505          1       1.02      0.917        0.2       3.44          0     0.0157      0.678      0.483          0        0.1      0.526          0          0          0        0.5       0.93          0
     0.904      0.942      0.948      0.811     0.0119     0.0084   0.000166    0.00636      0.193      0.958    0.00053       2.88      0.868     0.0851     0.0511      0.424      0.971       1.02      0.858        0.2       3.48          0      0.015      0.557      0.478          0      0.097      0.506          0          0          0        0.5          1          0
     0.912      0.943      0.946       0.81      0.012     0.0103    0.00041      0.011       0.13      0.886     0.0004       2.16      0.779     0.0975     0.0536      0.496       1.12          1      0.822        0.2       3.62          0     0.0162      0.483      0.435          0     0.0978       0.45          0          0          0        0.5      0.839          0
     0.904      0.943      0.949      0.809     0.0116     0.0131   0.000259     0.0087      0.202      0.945    0.00049          3      0.782     0.0975       0.05      0.483      0.991      0.997       1.01        0.2          4          0      0.015      0.678      0.449          0     0.0943      0.484          0          0          0        0.5          1          0
     0.897      0.966      0.962      0.807      0.011     0.0124   0.000168    0.00614      0.239       0.95     0.0005       2.09      0.923      0.111       0.05      0.487       1.15      0.882      0.927        0.2       4.19          0      0.012      0.738      0.505          0     0.0971       0.58          0          0          0        0.5       0.89          0
     0.892      0.943      0.952      0.808     0.0116     0.0132   0.000294    0.00882      0.222      0.937    0.00053       3.83      0.816     0.0753     0.0483      0.478       1.18       1.15       1.02        0.2       3.87          0     0.0169      0.778      0.435          0      0.108      0.554          0          0          0        0.5      0.999          0
     0.925      0.983      0.979      0.805    0.00696    0.00771   0.000348     0.0103      0.194      0.948    0.00047       2.94        0.8     0.0961     0.0288      0.481      0.841          1      0.563        0.2       3.87          0     0.0149       0.74      0.373          0     0.0913      0.451          0          0          0        0.5          1          0
     0.887      0.934      0.935      0.809     0.0115     0.0118   0.000143      0.009      0.207       0.97    0.00048          3      0.863      0.113     0.0492      0.582      0.784       1.03      0.965        0.2       4.01          0     0.0118      0.837      0.437          0     0.0978      0.481          0          0          0        0.5          1          0
     0.922      0.964      0.975      0.804    0.00797     0.0133   0.000273    0.00727      0.205      0.885    0.00056       2.88      0.516     0.0668     0.0353      0.496      0.829       1.05       1.01        0.2       3.62          0     0.0133      0.744      0.435          0     0.0861      0.412          0          0          0        0.5      0.834          0
     0.888      0.935      0.951      0.806     0.0113      0.012    0.00043    0.00826        0.2      0.937    0.00056          3      0.816     0.0932     0.0523      0.479       1.01          1      0.953        0.2       4.12          0      0.015      0.696      0.455          0        0.1      0.519          0          0          0        0.5          1          0
     0.887      0.931      0.948      0.806     0.0112     0.0126   0.000199    0.00698      0.255      0.951    0.00049       3.28      0.888     0.0943     0.0484      0.513          1       1.12      0.965        0.2       3.99          0     0.0176      0.678      0.464          0     0.0978      0.506          0          0          0        0.5          1          0
     0.889      0.943      0.947      0.806     0.0115     0.0133   0.000253    0.00899      0.213      0.937    0.00049       2.99      0.815      0.096     0.0543      0.465          1       1.05      0.995        0.2       4.12          0      0.015       0.64      0.417          0     0.0953      0.506          0          0          0        0.5          1          0
     0.902      0.947      0.956      0.804    0.00995     0.0103   0.000247    0.00882      0.156      0.873     0.0005       2.68      0.642     0.0975     0.0444      0.575          1      0.953      0.783        0.2       3.74          0      0.015      0.794       0.51          0     0.0978      0.594          0          0          0        0.5      0.741          0
     0.909      0.952      0.949      0.804     0.0116     0.0101   0.000179     0.0087       0.22      0.953     0.0005       2.95        0.8     0.0973     0.0483      0.498          1          1      0.941        0.2       3.62          0     0.0153      0.678      0.472          0     0.0987      0.498          0          0          0        0.5      0.995          0
     0.888      0.935       0.94      0.805     0.0153     0.0147   0.000223    0.00875      0.205      0.937    0.00047          3      0.793     0.0975     0.0573       0.47       1.05          1       1.07        0.2       4.33          0     0.0153      0.642      0.411          0      0.112      0.506          0          0          0        0.5          1          0
     0.903      0.934      0.945      0.804     0.0121     0.0089   0.000182    0.00886      0.209      0.937    0.00048       2.99        0.8     0.0975     0.0495      0.504          1      0.985       0.93        0.2       3.77          0     0.0149      0.698      0.435          0     0.0978      0.503          0          0          0        0.5          1          0
     0.905      0.952      0.958      0.802     0.0144     0.0117   0.000269    0.00982      0.196       0.94    0.00047       3.38      0.741      0.092     0.0582      0.496      0.949        1.2      0.965        0.2       3.23          0     0.0165       0.75      0.439          0      0.121      0.547          0          0          0        0.5      0.938          0
     0.903       0.93      0.947      0.803     0.0114     0.0105   0.000213    0.00527      0.247      0.937    0.00047       3.27        0.8      0.114     0.0479      0.537      0.585      0.845        1.1        0.2       3.87          0     0.0159      0.711      0.399          0     0.0829       0.47          0          0          0        0.5          1          0
      0.88      0.952      0.953      0.802     0.0117    0.00973   0.000309    0.00925      0.226      0.904    0.00045       2.95       0.72     0.0975     0.0491      0.449          1      0.958       0.96        0.2       3.87          0     0.0138      0.637      0.467          0     0.0819      0.578          0          0          0        0.5          1          0
     0.894      0.926      0.944      0.803     0.0123     0.0117   0.000214    0.00882      0.228      0.936     0.0005          3        0.8     0.0933     0.0515      0.476      0.994      0.987      0.967        0.2       3.87          0      0.014      0.654      0.442          0     0.0991      0.519          0          0          0        0.5       0.95          0
     0.896      0.941      0.947      0.801    0.00856     0.0107   0.000155    0.00595      0.259      0.937     0.0005       2.97      0.904      0.113     0.0355      0.438        1.2       1.08       1.01        0.2       3.24          0     0.0158      0.713      0.421          0      0.118      0.669          0          0          0        0.5          1          0
     0.917      0.965      0.976      0.797     0.0114      0.015    0.00059    0.00779      0.203      0.832    0.00045          3      0.909     0.0926       0.05      0.522          1       1.11      0.965        0.2       2.36          0      0.015      0.638      0.464          0      0.115      0.397          0          0          0        0.5          1          0
     0.852      0.935      0.948        0.8     0.0128     0.0143   0.000122     0.0079      0.207       0.96    0.00041          3       0.95      0.078       0.05      0.463          1          1      0.965        0.2       4.42          0     0.0182       0.47      0.454          0      0.114      0.559          0          0          0        0.5          1          0
     0.865       0.98       0.99      0.795      0.012      0.012   0.000372     0.0127       0.18      0.973     0.0005       2.54        0.8     0.0947     0.0456      0.493          1       1.03       1.04        0.2       3.87          0     0.0155       0.71      0.472          0     0.0862      0.577          0          0          0        0.5          1          0
     0.888      0.943      0.957      0.798     0.0133     0.0177   0.000208    0.00923      0.178      0.937     0.0005        2.5      0.729     0.0975     0.0438      0.497       0.93      0.993       1.06        0.2       4.24          0     0.0141      0.575      0.454          0        0.1      0.459          0          0          0        0.5          1          0
     0.879      0.926       0.93      0.801     0.0131     0.0121   0.000541    0.00882      0.207      0.937    0.00064       3.06      0.728     0.0708     0.0658      0.537       0.84      0.655      0.965        0.2       2.31          0     0.0174      0.797      0.349          0     0.0352      0.539          0          0          0        0.5      0.821          0
     0.914      0.965      0.978      0.795    0.00887     0.0106   0.000665    0.00857      0.207      0.891    0.00062       3.47      0.625      0.112     0.0372      0.535      0.931       1.06      0.965        0.2       3.87          0     0.0148      0.669      0.469          0     0.0881      0.434          0          0          0        0.5          1          0
     0.878      0.935      0.952      0.797     0.0128     0.0138   0.000202    0.00942      0.207      0.941     0.0005          3       0.76     0.0922       0.05      0.588          1       1.05       1.05        0.2       3.96          0     0.0144      0.586      0.377          0      0.109      0.458          0          0          0        0.5          1          0
     0.903      0.924       0.94      0.795     0.0104     0.0113   0.000227    0.00882       0.22       0.91    0.00061       3.12      0.589     0.0975     0.0426      0.677          1       1.03      0.851        0.2       3.87          0     0.0185      0.374      0.466          0      0.106      0.391          0          0          0        0.5          1          0
     0.912      0.951      0.962      0.792     0.0121     0.0102   0.000281    0.00941      0.232      0.891    0.00037       2.96      0.863     0.0938     0.0504      0.479       1.22          1       0.93        0.2       3.71          0      0.016      0.677      0.522          0       0.07      0.506          0          0          0        0.5      0.913          0
     0.879      0.917      0.935      0.793     0.0117     0.0206   9.35e-05    0.00869      0.207       0.98    0.00048       4.35      0.889     0.0845     0.0418      0.232      0.837          1       1.18        0.2       4.38          0     0.0121      0.676      0.384          0     0.0796      0.725          0          0          0        0.5          1          0
     0.906      0.935      0.943      0.792    0.00868      0.011   0.000246    0.00715      0.207      0.937    0.00054       3.64      0.743      0.113      0.036      0.414       1.12          1       1.18        0.2       3.87          0     0.0162      0.564       0.44          0     0.0978      0.288          0          0          0        0.5          1          0
     0.895      0.926       0.95      0.791     0.0125      0.011   0.000227    0.00872      0.218      0.942     0.0005       3.06      0.818      0.096     0.0518      0.496      0.993       1.02      0.965        0.2       3.87          0     0.0155       0.68      0.408          0     0.0978      0.506          0          0          0        0.5      0.975          0
     0.878      0.908      0.936      0.792     0.0149     0.0137   0.000136    0.00993      0.207      0.959     0.0005       3.27      0.832      0.109     0.0531      0.453       1.08      0.919      0.892        0.2       4.44          0      0.015      0.716      0.458          0      0.103      0.506          0          0          0        0.5          1          0
     0.894      0.935      0.945       0.79     0.0107     0.0107   0.000191    0.00913       0.21      0.937     0.0005       3.25      0.825      0.104     0.0434      0.493       1.07          1      0.965        0.2       3.87          0     0.0146      0.678      0.435          0     0.0812      0.579          0          0          0        0.5          1          0
     0.871      0.939      0.955      0.788     0.0222     0.0167   0.000545     0.0084      0.207      0.974    0.00034       2.95       0.91     0.0893     0.0717      0.496       1.02      0.962       1.02        0.2       4.31          0     0.0132       0.81      0.458          0     0.0978      0.502          0          0          0        0.5      0.881          0
     0.904      0.942      0.946      0.789     0.0139     0.0101   0.000235     0.0079      0.198      0.937     0.0005       2.86      0.746     0.0975     0.0579      0.501       1.06      0.888      0.965        0.2       3.87          0     0.0188      0.606      0.352          0     0.0846      0.483          0          0          0        0.5      0.884          0
     0.893      0.949      0.947      0.788     0.0102     0.0104   0.000388    0.00882      0.209      0.902    0.00055       2.74      0.901      0.128     0.0444      0.552       1.18      0.977      0.965        0.2       3.87          0     0.0152      0.678      0.297          0      0.073      0.439          0          0          0        0.5          1          0
     0.839      0.965      0.974      0.777     0.0176     0.0106   0.000949    0.00911      0.182      0.926    0.00049       2.88      0.792     0.0932     0.0521      0.504      0.981      0.956      0.883        0.2       4.04          0     0.0139      0.718      0.432          0     0.0945       0.51          0          0          0        0.5          1          0
     0.885      0.917      0.935      0.777     0.0129    0.00958   0.000278    0.00882      0.207      0.937    0.00055       3.61      0.779     0.0975      0.052      0.512       1.03      0.982       0.75        0.2       3.87          0      0.015      0.667      0.521          0     0.0955      0.332          0          0          0        0.5          1          0
      0.92      0.971      0.978      0.772      0.013     0.0101   0.000539    0.00891      0.205      0.945     0.0005       3.03        0.8     0.0975       0.05      0.494          1      0.992      0.972        0.2       3.87          0      0.015      0.678      0.429          0     0.0968      0.506          0          0          0        0.5          1          0
      0.88      0.965      0.974      0.765     0.0161     0.0107   0.000933    0.00882      0.221      0.947     0.0005          3      0.816      0.101     0.0508      0.481          1       1.08      0.936        0.2       3.64          0     0.0161      0.671      0.485          0     0.0978      0.437          0          0          0        0.5          1          0
     0.896      0.939      0.955      0.766     0.0133     0.0125   0.000473    0.00877       0.27      0.937    0.00046       3.24       0.93      0.092     0.0458      0.496          1      0.853      0.965        0.2       4.47          0     0.0198      0.676      0.435          0     0.0848       0.51          0          0          0        0.5      0.824          0
     0.881      0.899      0.909      0.771     0.0127    0.00951   0.000246     0.0114      0.207       0.98     0.0005       2.73        0.8     0.0465     0.0501      0.462       1.08      0.813      0.965        0.2       3.87          0     0.0174      0.608      0.391          0     0.0698      0.506          0          0          0        0.5          1          0
     0.872      0.939      0.943      0.765     0.0125     0.0124   0.000534    0.00848      0.184      0.979    0.00055       3.61      0.683     0.0864     0.0515      0.473      0.878       1.05      0.834        0.2       4.09          0     0.0136      0.673       0.38          0     0.0659      0.506          0          0          0        0.5          1          0
     0.906      0.965      0.978      0.753     0.0146     0.0108   0.000538    0.00924      0.209      0.938     0.0005       3.29      0.809     0.0932       0.05       0.52          1          1      0.965        0.2       3.83          0      0.015      0.642      0.434          0     0.0975      0.506          0          0          0        0.5      0.979          0
     0.901      0.947      0.953      0.749     0.0132    0.00708   0.000821      0.012      0.207      0.874     0.0005       2.17      0.893     0.0998     0.0468      0.438          1      0.805      0.872        0.2       3.12          0      0.011       0.53      0.311          0      0.121      0.652          0          0          0        0.5      0.963          0
      0.87      0.974      0.973      0.742     0.0212     0.0145   0.000876    0.00882      0.199      0.941     0.0005       3.15        0.8     0.0985     0.0517      0.513      0.943       1.03      0.987        0.2       4.48          0     0.0154      0.833      0.434          0     0.0978      0.506          0          0          0        0.5          1          0
     0.837      0.965       0.98      0.729     0.0152     0.0108   0.000999    0.00882      0.205      0.943     0.0005       3.03      0.779     0.0991     0.0501      0.496      0.988       1.01      0.962        0.2       3.89          0     0.0148      0.678      0.432          0     0.0987      0.505          0          0          0        0.5          1          0
     0.686      0.965      0.968      0.693      0.019     0.0183   0.000945    0.00635      0.189       0.98    0.00045       2.07      0.711     0.0975     0.0474      0.525          1       1.22       1.09        0.2       4.58          0      0.015      0.436      0.435          0      0.103      0.506          0          0          0        0.5          1          0
     0.802      0.965      0.971      0.692     0.0148     0.0101   0.000938    0.00811      0.209      0.929     0.0005       2.95      0.796     0.0971      0.048      0.519      0.979      0.945      0.911        0.2       3.86          0     0.0161      0.696      0.419          0     0.0923      0.506          0          0          0        0.5          1          0
